1	1	1	9503	9503
2	1	2	19006	9503
3	1	3	28509	9503
4	1	4	732593	704084
5	1	5	891867	159274
6	1	6	970016	78149
7	1	7	1039151	69135
8	1	8	1615830	576679
9	1	9	2483956	868126
10	1	10	2792767	308811
11	1	11	2963683	170916
12	1	12	3134600	170917
13	1	13	3305516	170916
14	1	14	3572671	267155
15	1	15	3803240	230569
16	1	16	4033808	230568
17	1	17	4264376	230568
18	1	18	4494944	230568
19	1	19	4788849	293905
20	1	20	5336099	547250
21	1	21	6343167	1007068
22	1	22	7401325	1058158
23	1	23	8006639	605314
24	1	24	8310056	303417
25	1	25	10215733	1905677
26	1	26	11479708	1263975
27	1	27	13010560	1530852
28	1	28	13697183	686623
29	1	29	13844304	147121
30	1	30	15140426	1296122
31	1	31	16723798	1583372
32	1	32	17521125	797327
33	1	33	18493753	972628
34	1	34	21617155	3123402
35	1	35	29471116	7853961
36	1	36	29814338	343222
37	1	37	30157560	343222
38	1	38	30500782	343222
39	1	39	31977696	1476914
40	1	40	38740699	6763003
41	1	41	38997748	257049
42	1	42	39254797	257049
43	1	43	43214136	3959339
44	1	44	43547743	333607
45	1	45	43884256	336513
46	1	46	44969556	1085300
47	1	47	46138053	1168497
48	1	48	46873279	735226
49	1	49	47319657	446378
50	1	50	47766035	446378
51	1	51	48212413	446378
52	1	52	48658791	446378
53	1	53	49142107	483316
54	1	54	49615178	473071
55	1	55	50084662	469484
56	1	56	50819822	735160
57	1	57	51731190	911368
58	1	58	52410180	678990
59	1	59	52696469	286289
60	1	60	52982759	286290
61	1	61	53269048	286289
62	1	62	53518065	249017
63	1	63	53732016	213951
64	1	64	53926873	194857
65	1	65	54121730	194857
66	1	66	54316588	194858
67	1	67	54834705	518117
68	1	68	55128849	294144
69	1	69	55367000	238151
70	1	70	55605150	238150
71	1	71	55778873	173723
72	1	72	55909645	130772
73	1	73	56139318	229673
74	1	74	56467893	328575
75	1	75	56796468	328575
76	1	76	57125042	328574
77	1	77	57453617	328575
78	1	78	57743812	290195
79	1	79	57872759	128947
80	1	80	58001707	128948
81	1	81	58265738	264031
82	1	82	58563541	297803
83	1	83	58861343	297802
84	1	84	59159145	297802
85	1	85	59597080	437935
1	2	1	3	3
2	2	2	6	3
3	2	3	9	3
4	2	4	12	3
5	2	5	192516	192504
6	2	6	436448	243932
7	2	7	680380	243932
8	2	8	924313	243933
9	2	9	1168245	243932
10	2	10	1412178	243933
11	2	11	1656110	243932
12	2	12	1900042	243932
13	2	13	2142024	241982
14	2	14	2366446	224422
15	2	15	2590869	224423
16	2	16	2815291	224422
17	2	17	3039714	224423
18	2	18	3264137	224423
19	2	19	3488559	224422
20	2	20	3712982	224423
21	2	21	4512720	799738
22	2	22	4783729	271009
23	2	23	5054737	271008
24	2	24	5432438	377701
25	2	25	6010126	577688
26	2	26	6366012	355886
27	2	27	6721898	355886
28	2	28	7077784	355886
29	2	29	7433670	355886
30	2	30	7789556	355886
31	2	31	8145442	355886
32	2	32	8501328	355886
33	2	33	8857214	355886
34	2	34	9213100	355886
35	2	35	9568986	355886
36	2	36	9924873	355887
37	2	37	10029281	104408
38	2	38	10133689	104408
39	2	39	10420297	286608
40	2	40	13817401	3397104
41	2	41	18810067	4992666
42	2	42	19741977	931910
43	2	43	20673887	931910
44	2	44	22494651	1820764
45	2	45	28633195	6138544
46	2	46	30836302	2203107
47	2	47	32823173	1986871
48	2	48	34945491	2122318
49	2	49	37785621	2840130
50	2	50	38358515	572894
51	2	51	39348425	989910
52	2	52	43354108	4005683
53	2	53	43773611	419503
54	2	54	44079287	305676
55	2	55	45423369	1344082
56	2	56	46086182	662813
57	2	57	46180110	93928
58	2	58	46985589	805479
59	2	59	48218909	1233320
60	2	60	48650414	431505
61	2	61	49081920	431506
62	2	62	49513425	431505
63	2	63	49970707	457282
64	2	64	50531093	560386
65	2	65	51091478	560385
66	2	66	51546272	454794
67	2	67	51974667	428395
68	2	68	52403062	428395
69	2	69	53064000	660938
70	2	70	53495184	431184
71	2	71	53926368	431184
72	2	72	54480964	554596
73	2	73	55035561	554597
74	2	74	55434738	399177
75	2	75	55767305	332567
76	2	76	55999692	232387
77	2	77	56081807	82115
78	2	78	56163922	82115
79	2	79	56246037	82115
80	2	80	56328152	82115
81	2	81	57074009	745857
82	2	82	58700261	1626252
83	2	83	58937359	237098
84	2	84	59174457	237098
85	2	85	59411555	237098
86	2	86	59537486	125931
1	3	1	83324	83324
2	3	2	166649	83325
3	3	3	249973	83324
4	3	4	333298	83325
5	3	5	416622	83324
6	3	6	2002634	1586012
7	3	7	2432920	430286
8	3	8	2863206	430286
9	3	9	3293492	430286
10	3	10	3723779	430287
11	3	11	4154065	430286
12	3	12	4584351	430286
13	3	13	5014637	430286
14	3	14	6605738	1591101
15	3	15	7030832	425094
16	3	16	7150813	119981
17	3	17	7270794	119981
18	3	18	7420340	149546
19	3	19	7835964	415624
20	3	20	8251587	415623
21	3	21	8564885	313298
22	3	22	8769536	204651
23	3	23	8974188	204652
24	3	24	9236061	261873
25	3	25	9670270	434209
26	3	26	10104479	434209
27	3	27	10538689	434210
28	3	28	10972898	434209
29	3	29	11407107	434209
30	3	30	11632380	225273
31	3	31	11805420	173040
32	3	32	11978459	173039
33	3	33	12151499	173040
34	3	34	12324538	173039
35	3	35	12497578	173040
36	3	36	12670618	173040
37	3	37	12859803	189185
38	3	38	13375968	516165
39	3	39	13579589	203621
40	3	40	13783210	203621
41	3	41	13986831	203621
42	3	42	15791801	1804970
43	3	43	16479090	687289
44	3	44	17166380	687290
45	3	45	18235744	1069364
46	3	46	19064270	828526
47	3	47	19905602	841332
48	3	48	20862195	956593
49	3	49	21818788	956593
50	3	50	22775380	956592
51	3	51	24635860	1860480
52	3	52	25154858	518998
53	3	53	25673856	518998
54	3	54	28206364	2532508
55	3	55	29296136	1089772
56	3	56	30385908	1089772
57	3	57	32543220	2157312
58	3	58	33513773	970553
59	3	59	38415429	4901656
60	3	60	39560122	1144693
61	3	61	40700702	1140580
62	3	62	41841281	1140579
63	3	63	42632582	791301
64	3	64	43336564	703982
65	3	65	44040547	703983
66	3	66	44744529	703982
67	3	67	45448511	703982
68	3	68	46152493	703982
69	3	69	46856475	703982
70	3	70	56285141	9428666
71	3	71	56497265	212124
72	3	72	56709389	212124
73	3	73	56921512	212123
74	3	74	57133636	212124
75	3	75	57345760	212124
76	3	76	57557884	212124
77	3	77	57770008	212124
78	3	78	57982131	212123
79	3	79	58194255	212124
80	3	80	58406379	212124
81	3	81	58618503	212124
82	3	82	58830627	212124
83	3	83	59055589	224962
84	3	84	59280551	224962
85	3	85	59505514	224963
86	3	86	59679551	174037
87	3	87	59734765	55214
88	3	88	59789978	55213
89	3	89	59845191	55213
90	3	90	59900405	55214
91	3	91	59955618	55213
92	3	92	60078428	122810
93	3	93	60268834	190406
94	3	94	60459240	190406
95	3	95	60649646	190406
96	3	96	60840052	190406
97	3	97	61030458	190406
98	3	98	61220864	190406
99	3	99	61390435	169571
100	3	100	61563787	173352
101	3	101	61794583	230796
102	3	102	62025378	230795
103	3	103	62256174	230796
104	3	104	62486969	230795
105	3	105	62811099	324130
106	3	106	62945851	134752
107	3	107	63080603	134752
1	4	1	411	411
2	4	2	823	412
3	4	3	1234	411
4	4	4	1646	412
5	4	5	2058	412
6	4	6	2469	411
7	4	7	2881	412
8	4	8	3292	411
9	4	9	3704	412
10	4	10	69531	65827
11	4	11	381968	312437
12	4	12	422061	40093
13	4	13	482404	60343
14	4	14	589996	107592
15	4	15	826805	236809
16	4	16	1192830	366025
17	4	17	1558855	366025
18	4	18	1900284	341429
19	4	19	2020343	120059
20	4	20	2324064	303721
21	4	21	2648192	324128
22	4	22	2865187	216995
23	4	23	3198148	332961
24	4	24	3657205	459057
25	4	25	3973248	316043
26	4	26	4289292	316044
27	4	27	4433503	144211
28	4	28	4577714	144211
29	4	29	4721925	144211
30	4	30	4866136	144211
31	4	31	5010347	144211
32	4	32	5154558	144211
33	4	33	5298769	144211
34	4	34	5442980	144211
35	4	35	5594193	151213
36	4	36	5750074	155881
37	4	37	5905954	155880
38	4	38	6061835	155881
39	4	39	6217716	155881
40	4	40	6373597	155881
41	4	41	6529477	155880
42	4	42	6685358	155881
43	4	43	7198698	513340
44	4	44	7339425	140727
45	4	45	7515769	176344
46	4	46	8012677	496908
47	4	47	8242295	229618
48	4	48	8442215	199920
49	4	49	8642134	199919
50	4	50	8842054	199920
51	4	51	9468613	626559
52	4	52	10157523	688910
53	4	53	10846433	688910
54	4	54	11535343	688910
55	4	55	12224253	688910
56	4	56	12678915	454662
57	4	57	13179612	500697
58	4	58	13857523	677911
59	4	59	16089680	2232157
60	4	60	16474239	384559
61	4	61	18170243	1696004
62	4	62	29008123	10837880
63	4	63	32715630	3707507
64	4	64	36423136	3707506
65	4	65	40130643	3707507
66	4	66	43838149	3707506
67	4	67	47545656	3707507
68	4	68	51253162	3707506
69	4	69	54960669	3707507
70	4	70	58330171	3369502
71	4	71	58657638	327467
72	4	72	58985105	327467
73	4	73	59312572	327467
74	4	74	59640039	327467
75	4	75	59967506	327467
76	4	76	60303484	335978
77	4	77	60515664	212180
78	4	78	60727844	212180
79	4	79	60940024	212180
80	4	80	61152204	212180
81	4	81	61364384	212180
82	4	82	61576564	212180
83	4	83	61788744	212180
84	4	84	62000924	212180
1	5	1	48128	48128
2	5	2	96257	48129
3	5	3	144385	48128
4	5	4	1073126	928741
5	5	5	1680696	607570
6	5	6	1807406	126710
7	5	7	1934116	126710
8	5	8	2060826	126710
9	5	9	2187536	126710
10	5	10	2314246	126710
11	5	11	2979186	664940
12	5	12	3219708	240522
13	5	13	3460230	240522
14	5	14	3700751	240521
15	5	15	3941273	240522
16	5	16	4244774	303501
17	5	17	4695223	450449
18	5	18	5253991	558768
19	5	19	5405379	151388
20	5	20	5556767	151388
21	5	21	5708155	151388
22	5	22	5859544	151389
23	5	23	6010932	151388
24	5	24	6724762	713830
25	5	25	7652111	927349
26	5	26	8890844	1238733
27	5	27	9042321	151477
28	5	28	9193798	151477
29	5	29	9345274	151476
30	5	30	9496751	151477
31	5	31	9756248	259497
32	5	32	10123766	367518
33	5	33	11364903	1241137
34	5	34	13516823	2151920
35	5	35	14906870	1390047
36	5	36	16296917	1390047
37	5	37	19565909	3268992
38	5	38	20560500	994591
39	5	39	21019053	458553
40	5	40	23000293	1981240
41	5	41	24385268	1384975
42	5	42	24963426	578158
43	5	43	25541584	578158
44	5	44	26119742	578158
45	5	45	26697900	578158
46	5	46	27276058	578158
47	5	47	29460737	2184679
48	5	48	29920889	460152
49	5	49	30381042	460153
50	5	50	30841194	460152
51	5	51	33001541	2160347
52	5	52	35269676	2268135
53	5	53	43984259	8714583
54	5	54	45044833	1060574
55	5	55	46105408	1060575
56	5	56	47165982	1060574
57	5	57	48226556	1060574
58	5	58	49287131	1060575
59	5	59	52413912	3126781
60	5	60	56550323	4136411
61	5	61	59069083	2518760
62	5	62	60196189	1127106
63	5	63	61323294	1127105
64	5	64	62450400	1127106
65	5	65	63577506	1127106
66	5	66	64704612	1127106
67	5	67	65533384	828772
68	5	68	65677783	144399
69	5	69	65927808	250025
70	5	70	66275491	347683
71	5	71	66769661	494170
72	5	72	67263831	494170
73	5	73	68417098	1153267
74	5	74	68502394	85296
75	5	75	68587691	85297
76	5	76	68672987	85296
77	5	77	68758283	85296
78	5	78	69411357	653074
79	5	79	70206375	795018
80	5	80	70724313	517938
81	5	81	70965171	240858
82	5	82	71206029	240858
83	5	83	71446888	240859
84	5	84	71723074	276186
85	5	85	71998314	275240
86	5	86	72273555	275241
87	5	87	72548795	275240
88	5	88	72824036	275241
89	5	89	73099276	275240
90	5	90	73294631	195355
91	5	91	73410100	115469
92	5	92	73525568	115468
93	5	93	73641037	115469
94	5	94	73756506	115469
95	5	95	73865679	109173
96	5	96	73949669	83990
97	5	97	74033659	83990
98	5	98	74192391	158732
99	5	99	74519399	327008
100	5	100	74735465	216066
101	5	101	74800599	65134
102	5	102	75183944	383345
1	6	1	19099	19099
2	6	2	38198	19099
3	6	3	57297	19099
4	6	4	119483	62186
5	6	5	257394	137911
6	6	6	303805	46411
7	6	7	350215	46410
8	6	8	396625	46410
9	6	9	443035	46410
10	6	10	515156	72121
11	6	11	677593	162437
12	6	12	993557	315964
13	6	13	1004961	11404
14	6	14	1114838	109877
15	6	15	2302876	1188038
16	6	16	2569082	266206
17	6	17	2819395	250313
18	6	18	3062898	243503
19	6	19	3306400	243502
20	6	20	3549902	243502
21	6	21	3793405	243503
22	6	22	4005872	212467
23	6	23	4145925	140053
24	6	24	4285978	140053
25	6	25	4447560	161582
26	6	26	4718017	270457
27	6	27	4891040	173023
28	6	28	5110740	219700
29	6	29	5372291	261551
30	6	30	5731491	359200
31	6	31	6090691	359200
32	6	32	7464263	1373572
33	6	33	8612543	1148280
34	6	34	9677134	1064591
35	6	35	9748712	71578
36	6	36	9820291	71579
37	6	37	9891869	71578
38	6	38	9963447	71578
39	6	39	11283414	1319967
40	6	40	12785532	1502118
41	6	41	13431272	645740
42	6	42	14077011	645739
43	6	43	14722751	645740
44	6	44	15172760	450009
45	6	45	15601022	428262
46	6	46	16806257	1205235
47	6	47	18266497	1460240
48	6	48	19726736	1460239
49	6	49	21186976	1460240
50	6	50	30910351	9723375
51	6	51	34601243	3690892
52	6	52	36302212	1700969
53	6	53	37150356	848144
54	6	54	40834401	3684045
55	6	55	42126723	1292322
56	6	56	43419045	1292322
57	6	57	44711366	1292321
58	6	58	46995464	2284098
59	6	59	48545461	1549997
60	6	60	49551037	1005576
61	6	61	50138407	587370
62	6	62	50668580	530173
63	6	63	51198754	530174
64	6	64	51728927	530173
65	6	65	52259101	530174
66	6	66	52789275	530174
67	6	67	53319448	530173
68	6	68	53826604	507156
69	6	69	54126597	299993
70	6	70	54426589	299992
71	6	71	54726582	299993
72	6	72	55026575	299993
73	6	73	55354909	328334
74	6	74	55711585	356676
75	6	75	56068260	356675
76	6	76	56424936	356676
77	6	77	56781612	356676
78	6	78	57138287	356675
79	6	79	57494963	356676
80	6	80	57737434	242471
81	6	81	58199249	461815
82	6	82	58335248	135999
83	6	83	58471248	136000
84	6	84	58607248	136000
85	6	85	58927302	320054
86	6	86	59347205	419903
87	6	87	59362466	15261
88	6	88	59420114	57648
89	6	89	59482423	62309
1	7	1	13176	13176
2	7	2	1047813	1034637
3	7	3	1819377	771564
4	7	4	2590941	771564
5	7	5	3362506	771565
6	7	6	4134070	771564
7	7	7	4888924	754854
8	7	8	5591914	702990
9	7	9	6270430	678516
10	7	10	7291427	1020997
11	7	11	8312424	1020997
12	7	12	8776566	464142
13	7	13	9101495	324929
14	7	14	9426423	324928
15	7	15	9751351	324928
16	7	16	10076280	324929
17	7	17	10401208	324928
18	7	18	10726137	324929
19	7	19	10846600	120463
20	7	20	10992960	146360
21	7	21	11372390	379430
22	7	22	11751819	379429
23	7	23	12131249	379430
24	7	24	12510679	379430
25	7	25	12933122	422443
26	7	26	13234359	301237
27	7	27	13522129	287770
28	7	28	13809899	287770
29	7	29	14815592	1005693
30	7	30	15958842	1143250
31	7	31	16222830	263988
32	7	32	16486818	263988
33	7	33	16750806	263988
34	7	34	17014794	263988
35	7	35	18851197	1836403
36	7	36	23074702	4223505
37	7	37	26358459	3283757
38	7	38	27114171	755712
39	7	39	28885267	1771096
40	7	40	30293902	1408635
41	7	41	31002375	708473
42	7	42	33999593	2997218
43	7	43	34669719	670126
44	7	44	35544828	875109
45	7	45	39819989	4275161
46	7	46	40268555	448566
47	7	47	40717121	448566
48	7	48	41165687	448566
49	7	49	41614253	448566
50	7	50	42062820	448567
51	7	51	43591614	1528794
52	7	52	44676276	1084662
53	7	53	45711590	1035314
54	7	54	49447076	3735486
55	7	55	50041433	594357
56	7	56	50635790	594357
57	7	57	51230148	594358
58	7	58	51824505	594357
59	7	59	52418862	594357
60	7	60	54276473	1857611
61	7	61	66226909	11950436
62	7	62	66525246	298337
63	7	63	66823583	298337
64	7	64	67121921	298338
65	7	65	67420258	298337
66	7	66	67718596	298338
67	7	67	68016933	298337
68	7	68	68315270	298337
69	7	69	68613608	298338
70	7	70	68911945	298337
71	7	71	69124472	212527
72	7	72	69208283	83811
73	7	73	69292093	83810
74	7	74	69375904	83811
75	7	75	69459715	83811
76	7	76	69543526	83811
77	7	77	69627336	83810
78	7	78	69711147	83811
79	7	79	69794958	83811
80	7	80	69878769	83811
81	7	81	69962579	83810
82	7	82	70722565	759986
83	7	83	71772341	1049776
84	7	84	72556863	784522
85	7	85	72722461	165598
86	7	86	72888059	165598
87	7	87	73053658	165599
88	7	88	73219256	165598
89	7	89	73384854	165598
90	7	90	73550452	165598
91	7	91	73716050	165598
92	7	92	73881648	165598
93	7	93	74038531	156883
94	7	94	74042251	3720
95	7	95	74045972	3721
96	7	96	74049692	3720
97	7	97	74053413	3721
98	7	98	74057133	3720
99	7	99	76923917	2866784
100	7	100	76939225	15308
101	7	101	76973949	34724
1	8	1	25701	25701
2	8	2	51403	25702
3	8	3	77104	25701
4	8	4	102806	25702
5	8	5	490771	387965
6	8	6	538664	47893
7	8	7	586558	47894
8	8	8	785301	198743
9	8	9	1587441	802140
10	8	10	1699473	112032
11	8	11	1811506	112033
12	8	12	1922808	111302
13	8	13	2033928	111120
14	8	14	2262310	228382
15	8	15	2490693	228383
16	8	16	2719076	228383
17	8	17	2947458	228382
18	8	18	3175841	228383
19	8	19	3564265	388424
20	8	20	3955576	391311
21	8	21	4198393	242817
22	8	22	4441210	242817
23	8	23	4684027	242817
24	8	24	4926844	242817
25	8	25	5169660	242816
26	8	26	5412477	242817
27	8	27	5655294	242817
28	8	28	5898111	242817
29	8	29	6240844	342733
30	8	30	6608556	367712
31	8	31	7173751	565195
32	8	32	7936429	762678
33	8	33	8680785	744356
34	8	34	9351854	671069
35	8	35	10022922	671068
36	8	36	10693991	671069
37	8	37	10975616	281625
38	8	38	11090338	114722
39	8	39	11205059	114721
40	8	40	11412178	207119
41	8	41	12450875	1038697
42	8	42	13489572	1038697
43	8	43	14528268	1038696
44	8	44	15140119	611851
45	8	45	15322921	182802
46	8	46	15505722	182801
47	8	47	15688524	182802
48	8	48	15871326	182802
49	8	49	16054128	182802
50	8	50	16554464	500336
51	8	51	20854674	4300210
52	8	52	23630840	2776166
53	8	53	24050350	419510
54	8	54	24469860	419510
55	8	55	30022931	5553071
56	8	56	30774757	751826
57	8	57	31314053	539296
58	8	58	31776967	462914
59	8	59	32239882	462915
60	8	60	32702797	462915
61	8	61	33165712	462915
62	8	62	34726299	1560587
63	8	63	43780591	9054292
64	8	64	44422938	642347
65	8	65	45065285	642347
66	8	66	48175557	3110272
67	8	67	48622722	447165
68	8	68	49069886	447164
69	8	69	49517051	447165
70	8	70	49964215	447164
71	8	71	50651108	686893
72	8	72	50830079	178971
73	8	73	51009050	178971
74	8	74	51188021	178971
75	8	75	51366992	178971
76	8	76	51545964	178972
77	8	77	51724935	178971
78	8	78	51903906	178971
79	8	79	52082877	178971
80	8	80	52259744	176867
81	8	81	52435709	175965
82	8	82	52569525	133816
83	8	83	52661192	91667
84	8	84	52752859	91667
85	8	85	52844525	91666
86	8	86	52936192	91667
87	8	87	53027859	91667
88	8	88	53119526	91667
89	8	89	53211193	91667
90	8	90	53302860	91667
91	8	91	53394526	91666
92	8	92	53486193	91667
93	8	93	53577860	91667
94	8	94	53739895	162035
95	8	95	54004615	264720
96	8	96	54398610	393995
97	8	97	55466605	1067995
98	8	98	55499915	33310
99	8	99	55533225	33310
100	8	100	55566535	33310
101	8	101	56071148	504613
102	8	102	56071868	720
1	9	1	99248	99248
2	9	2	198497	99249
3	9	3	297745	99248
4	9	4	396994	99249
5	9	5	497951	100957
6	9	6	593322	95371
7	9	7	688693	95371
8	9	8	784064	95371
9	9	9	1290404	506340
10	9	10	1313082	22678
11	9	11	1335759	22677
12	9	12	1358436	22677
13	9	13	1381113	22677
14	9	14	1487422	106309
15	9	15	1603023	115601
16	9	16	1718625	115602
17	9	17	1862101	143476
18	9	18	2033451	171350
19	9	19	2213348	179897
20	9	20	2470178	256830
21	9	21	2727008	256830
22	9	22	3005477	278469
23	9	23	3316407	310930
24	9	24	3627337	310930
25	9	25	3938267	310930
26	9	26	4250361	312094
27	9	27	4567115	316754
28	9	28	4883869	316754
29	9	29	5200623	316754
30	9	30	5517376	316753
31	9	31	5834130	316754
32	9	32	6150884	316754
33	9	33	6483654	332770
34	9	34	6960574	476920
35	9	35	7437493	476919
36	9	36	7914413	476920
37	9	37	8391333	476920
38	9	38	8793761	402428
39	9	39	9196190	402429
40	9	40	9598618	402428
41	9	41	10231799	633181
42	9	42	10889792	657993
43	9	43	11238872	349080
44	9	44	11592118	353246
45	9	45	11982867	390749
46	9	46	12373616	390749
47	9	47	12764365	390749
48	9	48	13155113	390748
49	9	49	24186157	11031044
50	9	50	24967010	780853
51	9	51	25747864	780854
52	9	52	26593146	845282
53	9	53	29746188	3153042
54	9	54	35645635	5899447
55	9	55	36154051	508416
56	9	56	37062927	908876
57	9	57	37913325	850398
58	9	58	38494980	581655
59	9	59	38627196	132216
60	9	60	38860627	233431
61	9	61	39304091	443464
62	9	62	40303352	999261
63	9	63	41879690	1576338
64	9	64	41967659	87969
65	9	65	44887085	2919426
66	9	66	45223208	336123
67	9	67	47516641	2293433
68	9	68	47578962	62321
69	9	69	47641284	62322
70	9	70	47703606	62322
71	9	71	48246706	543100
72	9	72	48789806	543100
73	9	73	49332907	543101
74	9	74	49876007	543100
75	9	75	50216086	340079
76	9	76	50353143	137057
77	9	77	50490199	137056
78	9	78	50627256	137057
79	9	79	51125186	497930
80	9	80	51716123	590937
81	9	81	52206823	490700
82	9	82	52463639	256816
83	9	83	52720455	256816
84	9	84	52977271	256816
85	9	85	53234087	256816
86	9	86	53490903	256816
87	9	87	54914479	1423576
88	9	88	55058580	144101
89	9	89	56028589	970009
90	9	90	56450241	421652
91	9	91	56871894	421653
92	9	92	57357857	485963
93	9	93	57682193	324336
94	9	94	57828824	146631
95	9	95	58125220	296396
96	9	96	58147122	21902
1	10	1	14012	14012
2	10	2	28025	14013
3	10	3	42038	14013
4	10	4	56051	14013
5	10	5	516527	460476
6	10	6	660730	144203
7	10	7	804933	144203
8	10	8	949136	144203
9	10	9	1078185	129049
10	10	10	1133228	55043
11	10	11	1302461	169233
12	10	12	1471694	169233
13	10	13	1618523	146829
14	10	14	1759751	141228
15	10	15	1900979	141228
16	10	16	2042206	141227
17	10	17	2199269	157063
18	10	18	2498841	299572
19	10	19	2798412	299571
20	10	20	3007674	209262
21	10	21	3081469	73795
22	10	22	3155264	73795
23	10	23	3229059	73795
24	10	24	3302854	73795
25	10	25	3376649	73795
26	10	26	3450445	73796
27	10	27	3524240	73795
28	10	28	3622498	98258
29	10	29	3936538	314040
30	10	30	4211095	274557
31	10	31	4485651	274556
32	10	32	4760208	274557
33	10	33	5034764	274556
34	10	34	5309320	274556
35	10	35	5583877	274557
36	10	36	5858433	274556
37	10	37	6132990	274557
38	10	38	6407546	274556
39	10	39	6682103	274557
40	10	40	6956659	274556
41	10	41	7231216	274557
42	10	42	7505772	274556
43	10	43	7780329	274557
44	10	44	8054885	274556
45	10	45	8329441	274556
46	10	46	8603998	274557
47	10	47	9005199	401201
48	10	48	9490829	485630
49	10	49	10374783	883954
50	10	50	11963996	1589213
51	10	51	13553208	1589212
52	10	52	15142421	1589213
53	10	53	16934390	1791969
54	10	54	18777048	1842658
55	10	55	23683144	4906096
56	10	56	26028327	2345183
57	10	57	31066584	5038257
58	10	58	32635211	1568627
59	10	59	34082478	1447267
60	10	60	34420639	338161
61	10	61	34975166	554527
62	10	62	35746060	770894
63	10	63	36516953	770893
64	10	64	37287847	770894
65	10	65	38764627	1476780
66	10	66	39269577	504950
67	10	67	39673318	403741
68	10	68	39794438	121120
69	10	69	40005031	210593
70	10	70	40215624	210593
71	10	71	40426217	210593
72	10	72	40636810	210593
73	10	73	40847402	210592
74	10	74	41057995	210593
75	10	75	41268588	210593
76	10	76	41479181	210593
77	10	77	41689774	210593
78	10	78	42096385	406611
79	10	79	42444638	348253
80	10	80	42792891	348253
81	10	81	43141144	348253
82	10	82	43485776	344632
83	10	83	43828857	343081
84	10	84	44171938	343081
85	10	85	44515018	343080
86	10	86	44858099	343081
87	10	87	45156561	298462
88	10	88	45242926	86365
89	10	89	45329291	86365
90	10	90	45415656	86365
91	10	91	45502021	86365
92	10	92	45588386	86365
1	11	1	490659	490659
2	11	2	643584	152925
3	11	3	751436	107852
4	11	4	841117	89681
5	11	5	1319831	478714
6	11	6	1510054	190223
7	11	7	1700277	190223
8	11	8	1890500	190223
9	11	9	2080723	190223
10	11	10	2270946	190223
11	11	11	2461170	190224
12	11	12	2651393	190223
13	11	13	2964097	312704
14	11	14	3307422	343325
15	11	15	3650747	343325
16	11	16	3935915	285168
17	11	17	3988459	52544
18	11	18	4041003	52544
19	11	19	4255946	214943
20	11	20	4511489	255543
21	11	21	4767032	255543
22	11	22	5022576	255544
23	11	23	5222960	200384
24	11	24	5340605	117645
25	11	25	5458251	117646
26	11	26	5733824	275573
27	11	27	6077080	343256
28	11	28	6420337	343257
29	11	29	6763593	343256
30	11	30	7106850	343257
31	11	31	7450106	343256
32	11	32	7793363	343257
33	11	33	8136619	343256
34	11	34	8479875	343256
35	11	35	8823132	343257
36	11	36	9166388	343256
37	11	37	10927508	1761120
38	11	38	11460611	533103
39	11	39	11993714	533103
40	11	40	24747427	12753713
41	11	41	26310440	1563013
42	11	42	28074234	1763794
43	11	43	29838028	1763794
44	11	44	30882457	1044429
45	11	45	33969497	3087040
46	11	46	34646273	676776
47	11	47	35323049	676776
48	11	48	37059929	1736880
49	11	49	37325941	266012
50	11	50	37591953	266012
51	11	51	37732877	140924
52	11	52	38031522	298645
53	11	53	38369597	338075
54	11	54	38707673	338076
55	11	55	39045748	338075
56	11	56	39383823	338075
57	11	57	40155251	771428
58	11	58	40870690	715439
59	11	59	41137739	267049
60	11	60	41416197	278458
61	11	61	41797334	381137
62	11	62	42178470	381136
63	11	63	42804273	625803
64	11	64	43441416	637143
65	11	65	44057204	615788
66	11	66	45085507	1028303
67	11	67	45217307	131800
68	11	68	45349106	131799
69	11	69	45480906	131800
70	11	70	45645732	164826
71	11	71	46284202	638470
72	11	72	46286305	2103
1	12	1	5171	5171
2	12	2	10343	5172
3	12	3	15515	5172
4	12	4	312083	296568
5	12	5	334140	22057
6	12	6	356197	22057
7	12	7	2696077	2339880
8	12	8	2942762	246685
9	12	9	3189448	246686
10	12	10	3436134	246686
11	12	11	3682820	246686
12	12	12	3929506	246686
13	12	13	3970831	41325
14	12	14	3989338	18507
15	12	15	4007845	18507
16	12	16	4026352	18507
17	12	17	4211719	185367
18	12	18	4293741	82022
19	12	19	4375764	82023
20	12	20	4457786	82022
21	12	21	4539808	82022
22	12	22	5879003	1339195
23	12	23	6462899	583896
24	12	24	6728782	265883
25	12	25	6994665	265883
26	12	26	7260548	265883
27	12	27	7526431	265883
28	12	28	7792314	265883
29	12	29	8058197	265883
30	12	30	8360193	301996
31	12	31	8839366	479173
32	12	32	9820773	981407
33	12	33	9965653	144880
34	12	34	10110533	144880
35	12	35	10983370	872837
36	12	36	12341511	1358141
37	12	37	13699652	1358141
38	12	38	15057792	1358140
39	12	39	16415933	1358141
40	12	40	17774074	1358141
41	12	41	23522709	5748635
42	12	42	25963705	2440996
43	12	43	27825161	1861456
44	12	44	30230637	2405476
45	12	45	31405126	1174489
46	12	46	33454520	2049394
47	12	47	33940572	486052
48	12	48	34426625	486053
49	12	49	35101495	674870
50	12	50	35776365	674870
51	12	51	36451235	674870
52	12	52	37078929	627694
53	12	53	39892752	2813823
54	12	54	40051968	159216
55	12	55	40336044	284076
56	12	56	40986022	649978
57	12	57	41636001	649979
58	12	58	42285980	649979
59	12	59	42935248	649268
60	12	60	43296710	361462
61	12	61	43658172	361462
62	12	62	44426353	768181
63	12	63	44535992	109639
64	12	64	44645631	109639
65	12	65	44755270	109639
66	12	66	44864909	109639
67	12	67	44974549	109640
68	12	68	45084188	109639
69	12	69	45208104	123916
70	12	70	45450994	242890
71	12	71	45704724	253730
72	12	72	45958455	253731
73	12	73	46212185	253730
74	12	74	46465915	253730
75	12	75	49381175	2915260
76	12	76	49704335	323160
77	12	77	49954035	249700
78	12	78	50154763	200728
1	13	1	685	685
2	13	2	1371	686
3	13	3	2057	686
4	13	4	2743	686
5	13	5	458981	456238
6	13	6	661640	202659
7	13	7	864298	202658
8	13	8	1222278	357980
9	13	9	1354300	132022
10	13	10	1486322	132022
11	13	11	1618343	132021
12	13	12	1750365	132022
13	13	13	1882386	132021
14	13	14	2014408	132022
15	13	15	2146430	132022
16	13	16	2278451	132021
17	13	17	2410473	132022
18	13	18	2542494	132021
19	13	19	2674516	132022
20	13	20	2806538	132022
21	13	21	2938559	132021
22	13	22	3091831	153272
23	13	23	3330104	238273
24	13	24	3568377	238273
25	13	25	3806650	238273
26	13	26	4834126	1027476
27	13	27	5127931	293805
28	13	28	5421736	293805
29	13	29	5753838	332102
30	13	30	6239129	485291
31	13	31	6724421	485292
32	13	32	6971170	246749
33	13	33	7115686	144516
34	13	34	7260203	144517
35	13	35	7404719	144516
36	13	36	7549236	144517
37	13	37	7693752	144516
38	13	38	7838269	144517
39	13	39	8127563	289294
40	13	40	22685462	14557899
41	13	41	23837473	1152011
42	13	42	24989484	1152011
43	13	43	29051139	4061655
44	13	44	29673497	622358
45	13	45	31027536	1354039
46	13	46	37674550	6647014
47	13	47	38549360	874810
48	13	48	39424170	874810
49	13	49	40298981	874811
50	13	50	41919966	1620985
51	13	51	43158590	1238624
52	13	52	43947043	788453
53	13	53	44314363	367320
54	13	54	44693997	379634
55	13	55	45122888	428891
56	13	56	45551778	428890
57	13	57	46419377	867599
58	13	58	46686916	267539
59	13	59	46768156	81240
60	13	60	46849396	81240
61	13	61	46930636	81240
62	13	62	47011876	81240
63	13	63	47224546	212670
64	13	64	47568648	344102
65	13	65	47912749	344101
66	13	66	48256850	344101
67	13	67	48600952	344102
68	13	68	48945053	344101
69	13	69	49289154	344101
70	13	70	49633256	344102
71	13	71	49977357	344101
72	13	72	50291148	313791
73	13	73	50332147	40999
74	13	74	50373146	40999
75	13	75	50414145	40999
76	13	76	50455144	40999
77	13	77	50762679	307535
78	13	78	51070215	307536
79	13	79	51377750	307535
80	13	80	51685286	307536
81	13	81	53908753	2223467
82	13	82	53933319	24566
1	14	1	47251	47251
2	14	2	94502	47251
3	14	3	342886	248384
4	14	4	375395	32509
5	14	5	407903	32508
6	14	6	440412	32509
7	14	7	472921	32509
8	14	8	505430	32509
9	14	9	594824	89394
10	14	10	696649	101825
11	14	11	1037147	340498
12	14	12	1184449	147302
13	14	13	1304726	120277
14	14	14	1425004	120278
15	14	15	1545281	120277
16	14	16	1665559	120278
17	14	17	1760604	95045
18	14	18	1796771	36167
19	14	19	1832939	36168
20	14	20	1869107	36168
21	14	21	1905274	36167
22	14	22	2416852	511578
23	14	23	2727873	311021
24	14	24	3038894	311021
25	14	25	3349914	311020
26	14	26	3556812	206898
27	14	27	3752141	195329
28	14	28	3956483	204342
29	14	29	4166834	210351
30	14	30	4377185	210351
31	14	31	4587536	210351
32	14	32	4797887	210351
33	14	33	5028541	230654
34	14	34	5441926	413385
35	14	35	5878678	436752
36	14	36	6350478	471800
37	14	37	6803643	453165
38	14	38	7089093	285450
39	14	39	7823800	734707
40	14	40	8063627	239827
41	14	41	8726728	663101
42	14	42	9470084	743356
43	14	43	10213439	743355
44	14	44	10956795	743356
45	14	45	12139172	1182377
46	14	46	13321550	1182378
47	14	47	14503928	1182378
48	14	48	16551018	2047090
49	14	49	19462822	2911804
50	14	50	25333146	5870324
51	14	51	26072663	739517
52	14	52	26812179	739516
53	14	53	31254736	4442557
54	14	54	32489089	1234353
55	14	55	33080677	591588
56	14	56	33757280	676603
57	14	57	34818452	1061172
58	14	58	35879624	1061172
59	14	59	36787761	908137
60	14	60	37630312	842551
61	14	61	44780145	7149833
62	14	62	45012507	232362
63	14	63	45244869	232362
64	14	64	45477231	232362
65	14	65	45669376	192145
66	14	66	45861521	192145
67	14	67	46092449	230928
68	14	68	46478510	386061
69	14	69	46864570	386060
70	14	70	47250631	386061
71	14	71	47636692	386061
72	14	72	48022753	386061
73	14	73	48408814	386061
74	14	74	48794875	386061
75	14	75	49180936	386061
76	14	76	49566997	386061
77	14	77	49953058	386061
78	14	78	50339119	386061
79	14	79	50725179	386060
80	14	80	51111240	386061
81	14	81	51497301	386061
82	14	82	51883362	386061
83	14	83	52102833	219471
84	14	84	52211243	108410
85	14	85	52320894	109651
86	14	86	52435511	114617
87	14	87	52550128	114617
88	14	88	52664745	114617
89	14	89	52779362	114617
90	14	90	52893979	114617
91	14	91	53003625	109646
92	14	92	53715867	712242
93	14	93	53717133	1266
94	14	94	53718400	1267
95	14	95	53719666	1266
96	14	96	53720932	1266
97	14	97	53722198	1266
98	14	98	53723464	1266
99	14	99	53724731	1267
100	14	100	53725997	1266
1	15	1	701	701
2	15	2	1403	702
3	15	3	2105	702
4	15	4	2807	702
5	15	5	3509	702
6	15	6	4211	702
7	15	7	4913	702
8	15	8	399365	394452
9	15	9	604255	204890
10	15	10	961053	356798
11	15	11	1279620	318567
12	15	12	1445270	165650
13	15	13	1610919	165649
14	15	14	1776568	165649
15	15	15	1942218	165650
16	15	16	2273410	331192
17	15	17	2593298	319888
18	15	18	2876055	282757
19	15	19	2951895	75840
20	15	20	3027735	75840
21	15	21	3103575	75840
22	15	22	3179416	75841
23	15	23	3255256	75840
24	15	24	3331096	75840
25	15	25	3406936	75840
26	15	26	3482777	75841
27	15	27	3558617	75840
28	15	28	3634457	75840
29	15	29	3710297	75840
30	15	30	3786137	75840
31	15	31	3861978	75841
32	15	32	3937818	75840
33	15	33	4013658	75840
34	15	34	4089498	75840
35	15	35	4355727	266229
36	15	36	4643110	287383
37	15	37	4930493	287383
38	15	38	5217877	287384
39	15	39	5505260	287383
40	15	40	5792643	287383
41	15	41	6080026	287383
42	15	42	6367409	287383
43	15	43	6654792	287383
44	15	44	6942175	287383
45	15	45	7229558	287383
46	15	46	7516941	287383
47	15	47	7804324	287383
48	15	48	8091707	287383
49	15	49	8379091	287384
50	15	50	17367008	8987917
51	15	51	22523142	5156134
52	15	52	22831137	307995
53	15	53	23467864	636727
54	15	54	24104591	636727
55	15	55	24617323	512732
56	15	56	26903056	2285733
57	15	57	27534976	631920
58	15	58	30107524	2572548
59	15	59	30739094	631570
60	15	60	31370665	631571
61	15	61	32002236	631571
62	15	62	32633807	631571
63	15	63	33265378	631571
64	15	64	34892354	1626976
65	15	65	35236016	343662
66	15	66	35579677	343661
67	15	67	35923339	343662
68	15	68	36262422	339083
69	15	69	36598453	336031
70	15	70	36934485	336032
71	15	71	37270516	336031
72	15	72	37606547	336031
73	15	73	37942578	336031
74	15	74	38271320	328742
75	15	75	38458275	186955
76	15	76	38645231	186956
77	15	77	38832187	186956
78	15	78	39019142	186955
79	15	79	39206098	186956
80	15	80	39392787	186689
81	15	81	39544517	151730
82	15	82	39841460	296943
83	15	83	40356223	514763
84	15	84	40870985	514762
85	15	85	41385747	514762
86	15	86	42326530	940783
87	15	87	42703576	377046
88	15	88	43080623	377047
89	15	89	43457669	377046
90	15	90	43834715	377046
91	15	91	44211762	377047
92	15	92	44533726	321964
93	15	93	45006170	472444
94	15	94	45077489	71319
95	15	95	45093215	15726
96	15	96	45433384	340169
97	15	97	46450777	1017393
98	15	98	46464921	14144
1	16	1	4901	4901
2	16	2	9803	4902
3	16	3	14705	4902
4	16	4	18341	3636
5	16	5	885048	866707
6	16	6	1219998	334950
7	16	7	1461051	241053
8	16	8	1639508	178457
9	16	9	1817965	178457
10	16	10	1996421	178456
11	16	11	2174878	178457
12	16	12	2353335	178457
13	16	13	2531791	178456
14	16	14	2710248	178457
15	16	15	2888705	178457
16	16	16	3172925	284220
17	16	17	4766939	1594014
18	16	18	6050208	1283269
19	16	19	6702178	651970
20	16	20	6933282	231104
21	16	21	7635886	702604
22	16	22	7972844	336958
23	16	23	8309802	336958
24	16	24	8646760	336958
25	16	25	8912946	266186
26	16	26	9202960	290014
27	16	27	9492975	290015
28	16	28	9823979	331004
29	16	29	10250625	426646
30	16	30	10677272	426647
31	16	31	11103919	426647
32	16	32	11530566	426647
33	16	33	11957213	426647
34	16	34	12383859	426646
35	16	35	12858080	474221
36	16	36	13187779	329699
37	16	37	13760266	572487
38	16	38	14332754	572488
39	16	39	14905242	572488
40	16	40	15477729	572487
41	16	41	16050217	572488
42	16	42	16622705	572488
43	16	43	17195192	572487
44	16	44	24617431	7422239
45	16	45	24876601	259170
46	16	46	25135771	259170
47	16	47	30656598	5520827
48	16	48	31901295	1244697
49	16	49	45574687	13673392
50	16	50	45675177	100490
51	16	51	45945169	269992
52	16	52	46453376	508207
53	16	53	46961583	508207
54	16	54	47469790	508207
55	16	55	47977998	508208
56	16	56	48486205	508207
57	16	57	48994412	508207
58	16	58	49502619	508207
59	16	59	50010826	508207
60	16	60	50519033	508207
61	16	61	51577102	1058069
62	16	62	52374572	797470
63	16	63	53172042	797470
64	16	64	53789606	617564
65	16	65	54137309	347703
66	16	66	54485011	347702
67	16	67	54832714	347703
68	16	68	55180417	347703
69	16	69	55528120	347703
70	16	70	55875823	347703
71	16	71	56223526	347703
72	16	72	56571229	347703
73	16	73	57213592	642363
74	16	74	57324042	110450
75	16	75	57457134	133092
76	16	76	57683054	225920
77	16	77	57754616	71562
78	16	78	57826177	71561
1	17	1	12816	12816
2	17	2	25633	12817
3	17	3	295285	269652
4	17	4	551216	255931
5	17	5	588467	37251
6	17	6	788625	200158
7	17	7	984641	196016
8	17	8	2220676	1236035
9	17	9	2449603	228927
10	17	10	2678530	228927
11	17	11	2907458	228928
12	17	12	3136385	228927
13	17	13	3365312	228927
14	17	14	3511871	146559
15	17	15	3623128	111257
16	17	16	4703550	1080422
17	17	17	5285300	581750
18	17	18	5513477	228177
19	17	19	5741655	228178
20	17	20	5969832	228177
21	17	21	6198010	228178
22	17	22	6426188	228178
23	17	23	6654365	228177
24	17	24	6882543	228178
25	17	25	7167614	285071
26	17	26	7538026	370412
27	17	27	7908438	370412
28	17	28	8278851	370413
29	17	29	8649263	370412
30	17	30	9011689	362426
31	17	31	9302247	290558
32	17	32	9592804	290557
33	17	33	9883362	290558
34	17	34	10173919	290557
35	17	35	12087859	1913940
36	17	36	13428128	1340269
37	17	37	14768397	1340269
38	17	38	15522751	754354
39	17	39	16212004	689253
40	17	40	17371345	1159341
41	17	41	24143373	6772028
42	17	42	25041867	898494
43	17	43	25940361	898494
44	17	44	34035316	8094955
45	17	45	34834500	799184
46	17	46	35633684	799184
47	17	47	36793657	1159973
48	17	48	37717603	923946
49	17	49	38061838	344235
50	17	50	38767420	705582
51	17	51	39972483	1205063
52	17	52	41177545	1205062
53	17	53	41711939	534394
54	17	54	42078666	366727
55	17	55	44435028	2356362
56	17	56	44701122	266094
57	17	57	44967217	266095
58	17	58	47830522	2863305
59	17	59	48197550	367028
60	17	60	48564577	367027
61	17	61	48931605	367028
62	17	62	49298633	367028
63	17	63	49665660	367027
64	17	64	50032688	367028
65	17	65	50335676	302988
66	17	66	50574625	238949
67	17	67	50813574	238949
68	17	68	51052524	238950
69	17	69	51291473	238949
70	17	70	51401659	110186
71	17	71	51479654	77995
72	17	72	51664650	184996
73	17	73	52010146	345496
74	17	74	52355643	345497
75	17	75	52701139	345496
76	17	76	52870329	169190
77	17	77	52921433	51104
78	17	78	53432400	510967
79	17	79	53460620	28220
80	17	80	53488840	28220
81	17	81	53681061	192221
82	17	82	53712364	31303
83	17	83	53746203	33839
84	17	84	53764968	18765
85	17	85	53783734	18766
86	17	86	53802499	18765
87	17	87	53821264	18765
88	17	88	53840030	18766
1	18	1	17224	17224
2	18	2	17844	620
3	18	3	18465	621
4	18	4	19085	620
5	18	5	255865	236780
6	18	6	271011	15146
7	18	7	311537	40526
8	18	8	357742	46205
9	18	9	403948	46206
10	18	10	450153	46205
11	18	11	670100	219947
12	18	12	1005875	335775
13	18	13	1435138	429263
14	18	14	1476062	40924
15	18	15	1516986	40924
16	18	16	1557910	40924
17	18	17	1598834	40924
18	18	18	1639758	40924
19	18	19	1739087	99329
20	18	20	1858459	119372
21	18	21	1888321	29862
22	18	22	1918183	29862
23	18	23	1948045	29862
24	18	24	2802645	854600
25	18	25	2967950	165305
26	18	26	3133254	165304
27	18	27	3520473	387219
28	18	28	4469008	948535
29	18	29	5809183	1340175
30	18	30	7149358	1340175
31	18	31	7574290	424932
32	18	32	7941010	366720
33	18	33	10869304	2928294
34	18	34	11720011	850707
35	18	35	12570719	850708
36	18	36	13421426	850707
37	18	37	14229825	808399
38	18	38	14657445	427620
39	18	39	15918696	1261251
40	18	40	18693061	2774365
41	18	41	22470606	3777545
42	18	42	23116169	645563
43	18	43	33351081	10234912
44	18	44	35091083	1740002
45	18	45	35905497	814414
46	18	46	36488515	583018
47	18	47	37071532	583017
48	18	48	37654549	583017
49	18	49	38237567	583018
50	18	50	38660529	422962
51	18	51	38976787	316258
52	18	52	39293046	316259
53	18	53	39609304	316258
54	18	54	39925563	316259
55	18	55	40241821	316258
56	18	56	40835456	593635
57	18	57	41614008	778552
58	18	58	42410198	796190
59	18	59	42531857	121659
60	18	60	44449472	1917615
61	18	61	45491506	1042034
62	18	62	46158291	666785
63	18	63	47062652	904361
64	18	64	47467680	405028
65	18	65	48261347	793667
66	18	66	48394858	133511
67	18	67	48528368	133510
68	18	68	48661879	133511
69	18	69	48820219	158340
70	18	70	49202022	381803
71	18	71	49350614	148592
72	18	72	49499207	148593
1	19	1	4182	4182
2	19	2	8364	4182
3	19	3	12546	4182
4	19	4	16728	4182
5	19	5	20910	4182
6	19	6	25092	4182
7	19	7	29274	4182
8	19	8	33456	4182
9	19	9	37638	4182
10	19	10	41820	4182
11	19	11	184007	142187
12	19	12	222837	38830
13	19	13	1191630	968793
14	19	14	1332743	141113
15	19	15	1449913	117170
16	19	16	1567084	117171
17	19	17	1684255	117171
18	19	18	1801425	117170
19	19	19	1948216	146791
20	19	20	1991748	43532
21	19	21	2035281	43533
22	19	22	3209342	1174061
23	19	23	3289785	80443
24	19	24	3370228	80443
25	19	25	3450672	80444
26	19	26	3531115	80443
27	19	27	3611559	80444
28	19	28	3692002	80443
29	19	29	4039850	347848
30	19	30	4417409	377559
31	19	31	4794968	377559
32	19	32	5350031	555063
33	19	33	5573181	223150
34	19	34	5796331	223150
35	19	35	6019481	223150
36	19	36	6242632	223151
37	19	37	6465782	223150
38	19	38	6688932	223150
39	19	39	7074824	385892
40	19	40	7164796	89972
41	19	41	7661314	496518
42	19	42	8130335	469021
43	19	43	8599356	469021
44	19	44	9068377	469021
45	19	45	11769349	2700972
46	19	46	14280772	2511423
47	19	47	16792196	2511424
48	19	48	19303619	2511423
49	19	49	31765896	12462277
50	19	50	32863591	1097695
51	19	51	33822471	958880
52	19	52	34226088	403617
53	19	53	34629706	403618
54	19	54	36596008	1966302
55	19	55	37239990	643982
56	19	56	38073477	833487
57	19	57	38906964	833487
58	19	58	39939611	1032647
59	19	59	40756537	816926
60	19	60	41453556	697019
61	19	61	42150575	697019
62	19	62	42847593	697018
63	19	63	43311245	463652
64	19	64	43541530	230285
65	19	65	43771815	230285
66	19	66	44002100	230285
67	19	67	44232385	230285
68	19	68	44610423	378038
69	19	69	45285632	675209
70	19	70	45691573	405941
71	19	71	46097515	405942
72	19	72	46294332	196817
73	19	73	46491149	196817
74	19	74	46687966	196817
75	19	75	46884783	196817
76	19	76	47081600	196817
77	19	77	47278417	196817
78	19	78	47475234	196817
79	19	79	47918112	442878
80	19	80	48249493	331381
81	19	81	48553181	303688
82	19	82	48746094	192913
83	19	83	48939007	192913
84	19	84	49131921	192914
85	19	85	49294054	162133
86	19	86	49348005	53951
87	19	87	49401957	53952
88	19	88	49455908	53951
89	19	89	49509860	53952
90	19	90	49563812	53952
91	19	91	49723844	160032
92	19	92	49928421	204577
93	19	93	50063708	135287
94	19	94	50198995	135287
1	20	1	846	846
2	20	2	1692	846
3	20	3	2538	846
4	20	4	3384	846
5	20	5	4231	847
6	20	6	5077	846
7	20	7	5923	846
8	20	8	6769	846
9	20	9	7616	847
10	20	10	8462	846
11	20	11	9308	846
12	20	12	10155	847
13	20	13	11001	846
14	20	14	11847	846
15	20	15	12693	846
16	20	16	13539	846
17	20	17	14386	847
18	20	18	372970	358584
19	20	19	726302	353332
20	20	20	1079635	353333
21	20	21	1432968	353333
22	20	22	1907752	474784
23	20	23	2059354	151602
24	20	24	2127225	67871
25	20	25	2195096	67871
26	20	26	2262967	67871
27	20	27	2330837	67870
28	20	28	2410615	79778
29	20	29	2493369	82754
30	20	30	2557601	64232
31	20	31	2637685	80084
32	20	32	2768492	130807
33	20	33	2897342	128850
34	20	34	3026191	128849
35	20	35	3155040	128849
36	20	36	3283890	128850
37	20	37	3412739	128849
38	20	38	3541588	128849
39	20	39	3670178	128590
40	20	40	3796434	126256
41	20	41	3922691	126257
42	20	42	4048947	126256
43	20	43	4175203	126256
44	20	44	4301459	126256
45	20	45	4427716	126257
46	20	46	4553972	126256
47	20	47	4680228	126256
48	20	48	4806484	126256
49	20	49	4932741	126257
50	20	50	5111381	178640
51	20	51	5499556	388175
52	20	52	5887731	388175
53	20	53	6275906	388175
54	20	54	6664081	388175
55	20	55	7117978	453897
56	20	56	7658303	540325
57	20	57	8170268	511965
58	20	58	8682233	511965
59	20	59	9194198	511965
60	20	60	9594716	400518
61	20	61	9967372	372656
62	20	62	10340029	372657
63	20	63	10712685	372656
64	20	64	11085342	372657
65	20	65	11457999	372657
66	20	66	15247627	3789628
67	20	67	20802956	5555329
68	20	68	23615393	2812437
69	20	69	27664408	4049015
70	20	70	28703034	1038626
71	20	71	33282620	4579586
72	20	72	33309948	27328
73	20	73	34242007	932059
74	20	74	35594227	1352220
75	20	75	37075767	1481540
76	20	76	39681958	2606191
77	20	77	40202307	520349
78	20	78	41243630	1041323
79	20	79	41886231	642601
80	20	80	42528832	642601
81	20	81	43171434	642602
82	20	82	43814035	642601
83	20	83	44456637	642602
84	20	84	45099238	642601
85	20	85	45741839	642601
86	20	86	46384441	642602
87	20	87	47114676	730235
88	20	88	47393870	279194
89	20	89	47673063	279193
90	20	90	47952256	279193
91	20	91	48231450	279194
92	20	92	49082876	851426
93	20	93	49569024	486148
94	20	94	49898624	329600
95	20	95	50228224	329600
96	20	96	50557824	329600
97	20	97	50887424	329600
98	20	98	51217024	329600
99	20	99	51546624	329600
100	20	100	51876224	329600
101	20	101	52205824	329600
102	20	102	52404340	198516
103	20	103	52546677	142337
104	20	104	52689015	142338
105	20	105	52831353	142338
106	20	106	52973690	142337
107	20	107	53116028	142338
108	20	108	53279547	163519
109	20	109	53323777	44230
110	20	110	53368007	44230
111	20	111	53412237	44230
112	20	112	53456467	44230
113	20	113	53867655	411188
114	20	114	54106479	238824
115	20	115	54345303	238824
116	20	116	54639078	293775
117	20	117	54792226	153148
1	21	1	43566	43566
2	21	2	87133	43567
3	21	3	278089	190956
4	21	4	304102	26013
5	21	5	870701	566599
6	21	6	1316728	446027
7	21	7	1974827	658099
8	21	8	2010764	35937
9	21	9	2046701	35937
10	21	10	2082638	35937
11	21	11	2118575	35937
12	21	12	2154512	35937
13	21	13	2580937	426425
14	21	14	2988879	407942
15	21	15	3812859	823980
16	21	16	4185278	372419
17	21	17	4557697	372419
18	21	18	4930116	372419
19	21	19	5142311	212195
20	21	20	5293244	150933
21	21	21	5790058	496814
22	21	22	5848558	58500
23	21	23	5907058	58500
24	21	24	5965558	58500
25	21	25	6292026	326468
26	21	26	6886461	594435
27	21	27	7480896	594435
28	21	28	8029828	548932
29	21	29	8510507	480679
30	21	30	8991187	480680
31	21	31	9471866	480679
32	21	32	9952545	480679
33	21	33	10433224	480679
34	21	34	10844199	410975
35	21	35	12172319	1328120
36	21	36	13289808	1117489
37	21	37	15713834	2424026
38	21	38	20607855	4894021
39	21	39	33658004	13050149
40	21	40	34062647	404643
41	21	41	34467291	404644
42	21	42	34871935	404644
43	21	43	35276579	404644
44	21	44	35681222	404643
45	21	45	36085866	404644
46	21	46	36490510	404644
47	21	47	36895153	404643
48	21	48	37299797	404644
49	21	49	37704441	404644
50	21	50	38109085	404644
51	21	51	38513728	404643
52	21	52	38918372	404644
53	21	53	39323016	404644
54	21	54	39727660	404644
55	21	55	40066346	338686
56	21	56	40141203	74857
57	21	57	40216059	74856
58	21	58	40290916	74857
59	21	59	40365773	74857
60	21	60	40440630	74857
61	21	61	40515486	74856
62	21	62	40590343	74857
63	21	63	40665200	74857
64	21	64	40740057	74857
65	21	65	40814914	74857
66	21	66	40889770	74856
67	21	67	40964627	74857
68	21	68	41039484	74857
69	21	69	41114341	74857
70	21	70	41189197	74856
71	21	71	41264054	74857
72	21	72	41321833	57779
73	21	73	41362535	40702
74	21	74	41403237	40702
75	21	75	41443939	40702
76	21	76	41484641	40702
77	21	77	41525343	40702
78	21	78	41566045	40702
79	21	79	41606747	40702
80	21	80	41647449	40702
81	21	81	41688151	40702
82	21	82	41728853	40702
83	21	83	41769555	40702
84	21	84	41810257	40702
85	21	85	41850959	40702
86	21	86	41891661	40702
87	21	87	41932363	40702
88	21	88	41973064	40701
89	21	89	42013766	40702
90	21	90	42054468	40702
91	21	91	42095170	40702
92	21	92	42135872	40702
93	21	93	42176574	40702
94	21	94	42217276	40702
95	21	95	42257978	40702
96	21	96	42298680	40702
97	21	97	42339382	40702
98	21	98	42380084	40702
99	21	99	42420786	40702
100	21	100	42461488	40702
101	21	101	42502190	40702
102	21	102	42542892	40702
103	21	103	42583594	40702
104	21	104	42624295	40701
105	21	105	42664997	40702
106	21	106	42705699	40702
107	21	107	42746401	40702
108	21	108	42787103	40702
109	21	109	42827805	40702
110	21	110	42868507	40702
111	21	111	42909209	40702
112	21	112	42949911	40702
113	21	113	42990613	40702
114	21	114	43031315	40702
115	21	115	43072017	40702
116	21	116	43112719	40702
117	21	117	43153421	40702
118	21	118	43194123	40702
119	21	119	43234825	40702
120	21	120	43278534	43709
121	21	121	43322244	43710
122	21	122	43365954	43710
123	21	123	43566025	200071
124	21	124	43970049	404024
125	21	125	44028211	58162
126	21	126	44086373	58162
127	21	127	44144534	58161
128	21	128	44202696	58162
129	21	129	44225997	23301
130	21	130	44240582	14585
131	21	131	44255168	14586
132	21	132	44269753	14585
133	21	133	44284338	14585
1	22	1	1019398	1019398
2	22	2	1030127	10729
3	22	3	1040856	10729
4	22	4	1051586	10730
5	22	5	1062315	10729
6	22	6	1073044	10729
7	22	7	1223907	150863
8	22	8	1935305	711398
9	22	9	2646702	711397
10	22	10	3358100	711398
11	22	11	4092393	734293
12	22	12	4836499	744106
13	22	13	5356360	519861
14	22	14	5539855	183495
15	22	15	5723349	183494
16	22	16	5906844	183495
17	22	17	6090339	183495
18	22	18	8802546	2712207
19	22	19	9348523	545977
20	22	20	9894499	545976
21	22	21	10440476	545977
22	22	22	10986453	545977
23	22	23	11532430	545977
24	22	24	12078406	545976
25	22	25	13145406	1067000
26	22	26	13748595	603189
27	22	27	16192995	2444400
28	22	28	18417486	2224491
29	22	29	19146099	728613
30	22	30	25979695	6833596
31	22	31	28362626	2382931
32	22	32	29451595	1088969
33	22	33	30540563	1088968
34	22	34	31629531	1088968
35	22	35	32718500	1088969
36	22	36	33328326	609826
37	22	37	33884913	556587
38	22	38	34393611	508698
39	22	39	34846005	452394
40	22	40	35274023	428018
41	22	41	35702040	428017
42	22	42	36130058	428018
43	22	43	36558075	428017
44	22	44	36820505	262430
45	22	45	37011969	191464
46	22	46	37203433	191464
47	22	47	37394896	191463
48	22	48	37586360	191464
49	22	49	37777824	191464
50	22	50	37969287	191463
51	22	51	38160751	191464
52	22	52	38352215	191464
53	22	53	38543679	191464
54	22	54	38735142	191463
55	22	55	38926606	191464
56	22	56	39149870	223264
57	22	57	39659340	509470
58	22	58	40168810	509470
59	22	59	40613429	444619
60	22	60	40982195	368766
61	22	61	41151642	169447
62	22	62	41300879	149237
63	22	63	41419802	118923
64	22	64	41538724	118922
65	22	65	41657647	118923
66	22	66	41776569	118922
67	22	67	41895491	118922
68	22	68	42014414	118923
1	23	1	430590	430590
2	23	2	800161	369571
3	23	3	957450	157289
4	23	4	1114740	157290
5	23	5	1549727	434987
6	23	6	1741716	191989
7	23	7	1933706	191990
8	23	8	2125695	191989
9	23	9	2277808	152113
10	23	10	2402003	124195
11	23	11	2567642	165639
12	23	12	2946927	379285
13	23	13	3326211	379284
14	23	14	3705496	379285
15	23	15	4084780	379284
16	23	16	4464065	379285
17	23	17	4826003	361938
18	23	18	5161873	335870
19	23	19	5497742	335869
20	23	20	5833611	335869
21	23	21	6169480	335869
22	23	22	6505350	335870
23	23	23	6841219	335869
24	23	24	7177088	335869
25	23	25	7512958	335870
26	23	26	7622892	109934
27	23	27	7707723	84831
28	23	28	7792554	84831
29	23	29	7877385	84831
30	23	30	7962216	84831
31	23	31	10452053	2489837
32	23	32	21659311	11207258
33	23	33	24457023	2797712
34	23	34	31929191	7472168
35	23	35	32675736	746545
36	23	36	33422281	746545
37	23	37	34066575	644294
38	23	38	34557495	490920
39	23	39	35048415	490920
40	23	40	35539335	490920
41	23	41	36020996	481661
42	23	42	36501629	480633
43	23	43	36982262	480633
44	23	44	37462895	480633
45	23	45	37943528	480633
46	23	46	39719746	1776218
47	23	47	40428264	708518
48	23	48	41136782	708518
49	23	49	41728631	591849
50	23	50	42145477	416846
51	23	51	42589232	443755
52	23	52	43140618	551386
53	23	53	43316108	175490
54	23	54	43906303	590195
55	23	55	44223956	317653
56	23	56	44353823	129867
57	23	57	44845824	492001
58	23	58	44897167	51343
59	23	59	44948509	51342
60	23	60	44999851	51342
1	24	1	75628	75628
2	24	2	130599	54971
3	24	3	609811	479212
4	24	4	803212	193401
5	24	5	974705	171493
6	24	6	1087985	113280
7	24	7	1466019	378034
8	24	8	1614463	148444
9	24	9	1737396	122933
10	24	10	1860329	122933
11	24	11	1983263	122934
12	24	12	2439035	455772
13	24	13	2980063	541028
14	24	14	3532589	552526
15	24	15	3960997	428408
16	24	16	4324759	363762
17	24	17	5130664	805905
18	24	18	5389511	258847
19	24	19	5648358	258847
20	24	20	5907205	258847
21	24	21	6166052	258847
22	24	22	6424899	258847
23	24	23	6683746	258847
24	24	24	6942593	258847
25	24	25	7201440	258847
26	24	26	7460286	258846
27	24	27	7719133	258847
28	24	28	7977980	258847
29	24	29	8236827	258847
30	24	30	8308399	71572
31	24	31	8333153	24754
32	24	32	8357906	24753
33	24	33	8382659	24753
34	24	34	8407413	24754
35	24	35	8432166	24753
36	24	36	8456920	24754
37	24	37	9064623	607703
38	24	38	9211334	146711
39	24	39	9358045	146711
40	24	40	9504757	146712
41	24	41	9669120	164363
42	24	42	9859961	190841
43	24	43	17395564	7535603
44	24	44	21279387	3883823
45	24	45	23325432	2046045
46	24	46	26900028	3574596
47	24	47	30713275	3813247
48	24	48	31301336	588061
49	24	49	31889398	588062
50	24	50	32477459	588061
51	24	51	33065520	588061
52	24	52	33537854	472334
53	24	53	33689467	151613
54	24	54	34350617	661150
55	24	55	34935518	584901
56	24	56	35520419	584901
57	24	57	36105320	584901
58	24	58	36690221	584901
59	24	59	36881782	191561
60	24	60	37786699	904917
61	24	61	38044838	258139
62	24	62	38301663	256825
63	24	63	38555423	253760
64	24	64	38809183	253760
65	24	65	39062943	253760
66	24	66	39246520	183577
67	24	67	39776317	529797
68	24	68	40222009	445692
69	24	69	40560229	338220
70	24	70	40669008	108779
71	24	71	40777787	108779
72	24	72	40886566	108779
73	24	73	41453382	566816
74	24	74	43118802	1665420
75	24	75	43187362	68560
76	24	76	43255922	68560
1	25	1	47150	47150
2	25	2	611739	564589
3	25	3	1042777	431038
4	25	4	1255593	212816
5	25	5	1468410	212817
6	25	6	1681227	212817
7	25	7	4168728	2487501
8	25	8	4549820	381092
9	25	9	4774851	225031
10	25	10	4960866	186015
11	25	11	5146882	186016
12	25	12	5332898	186016
13	25	13	5518913	186015
14	25	14	5704929	186016
15	25	15	5890944	186015
16	25	16	6076960	186016
17	25	17	6262975	186015
18	25	18	6448991	186016
19	25	19	6635006	186015
20	25	20	6821022	186016
21	25	21	7007038	186016
22	25	22	7194639	187601
23	25	23	7396509	201870
24	25	24	7724347	327838
25	25	25	9264939	1540592
26	25	26	9874933	609994
27	25	27	10370017	495084
28	25	28	10692738	322721
29	25	29	11015459	322721
30	25	30	11338180	322721
31	25	31	11660900	322720
32	25	32	11983621	322721
33	25	33	12907494	923873
34	25	34	13726957	819463
35	25	35	13829148	102191
36	25	36	13851641	22493
37	25	37	22925200	9073559
38	25	38	26948997	4023797
39	25	39	29520101	2571104
40	25	40	29912166	392065
41	25	41	30304231	392065
42	25	42	30696296	392065
43	25	43	31088361	392065
44	25	44	31460383	372022
45	25	45	32261466	801083
46	25	46	33287381	1025915
47	25	47	33621947	334566
48	25	48	33956513	334566
49	25	49	34291079	334566
50	25	50	34625645	334566
51	25	51	35036192	410547
52	25	52	35522720	486528
53	25	53	35708799	186079
54	25	54	36269209	560410
55	25	55	36590105	320896
56	25	56	36911001	320896
57	25	57	37077381	166380
58	25	58	37198190	120809
59	25	59	37313837	115647
60	25	60	37429485	115648
61	25	61	37545133	115648
62	25	62	37782659	237526
63	25	63	37942438	159779
64	25	64	38056175	113737
65	25	65	38398783	342608
66	25	66	38413777	14994
67	25	67	38428771	14994
